[20je0020@gr02 Exercise1]$ make run clean
/usr/local/cuda/bin/nvcc -g -G -Xcompiler -Wall -dc lab6ex1main.cu -o lab6ex1main.o
/usr/local/cuda/bin/nvcc -g -G -Xcompiler -Wall -dc lab6ex1lib.cu -o lab6ex1lib.o
echo "making..."
making...
/usr/local/cuda/bin/nvcc lab6ex1main.o lab6ex1lib.o -o a.out
echo "running..."
running...
./a.out
Matrix A:
      -1       2       3       1
      -1       1       2      -2
       5      -3      -2       3
      -4       5      -1       2
Matrix B:
      -4       2      -2       2
      -3       4       3       5
      -2      -4      -2      -1
       3       1       5      -2
Enter the option number
1. Multiply two matrices A and B using tiled algorithm in GPU.
2. Multiply two matrices A and B without tiled algorithm in GPU.
0. TO EXIT
1
A x B with TILE ALGORITHM.
      -5      -5       7       3
      -9      -8      -9       5
       2       9       0      -9
       9      18      35      14
2
A x B without TILE ALGORITHM.
      -5      -5       7       3
      -9      -8      -9       5
       2       9       0      -9
       9      18      35      14
0
Exiting...
echo "cleaning..."
cleaning...
rm -rf *.o a.out