[20je0020@gr02 Experiment1]$ nvcc Tiled-Mat-multGPU.cu 
[20je0020@gr02 Experiment1]$ time ./a.out 
Matrix size: 8 by 8
Tile size: 2 by 2
Matrix A is=
 0.840188  0.394383  0.783099  0.798440  0.911647  0.197551  0.335223  0.768230 
 0.277775  0.553970  0.477397  0.628871  0.364784  0.513401  0.952230  0.916195 
 0.635712  0.717297  0.141603  0.606969  0.016301  0.242887  0.137232  0.804177 
 0.156679  0.400944  0.129790  0.108809  0.998924  0.218257  0.512932  0.839112 
 0.612640  0.296032  0.637552  0.524287  0.493583  0.972775  0.292517  0.771358 
 0.526745  0.769914  0.400229  0.891529  0.283315  0.352458  0.807725  0.919026 
 0.069755  0.949327  0.525995  0.086056  0.192214  0.663227  0.890233  0.348893 
 0.064171  0.020023  0.457702  0.063096  0.238280  0.970634  0.902208  0.850920 
Matrix B is=
 0.266666  0.539760  0.375207  0.760249  0.512535  0.667724  0.531606  0.039280 
 0.437638  0.931835  0.930810  0.720952  0.284293  0.738534  0.639979  0.354049 
 0.687861  0.165974  0.440105  0.880075  0.829201  0.330337  0.228968  0.893372 
 0.350360  0.686670  0.956468  0.588640  0.657304  0.858676  0.439560  0.923970 
 0.398437  0.814767  0.684219  0.910972  0.482491  0.215825  0.950252  0.920128 
 0.147660  0.881062  0.641081  0.431953  0.619596  0.281059  0.786002  0.307458 
 0.447034  0.226107  0.187533  0.276235  0.556444  0.416501  0.169607  0.906804 
 0.103171  0.126075  0.495444  0.760475  0.984752  0.935004  0.684445  0.383188 
The product of Matrix A and Matrix B is=
 1.836571  2.588725  2.984560  3.674901  3.222222  2.906765  2.833551  3.107897 
 1.606581  2.257570  2.642685  2.914744  3.035270  2.768578  2.426692  2.922653 
 0.980174  1.811519  2.140080  2.251573  2.072760  2.403044  1.876315  1.488523 
 1.090756  1.782398  1.928511  2.370534  2.102371  1.812182  2.199538  2.137506 
 1.465810  2.494980  2.685837  3.086129  3.034677  2.511495  2.702769  2.496949 
 1.685890  2.520235  2.969749  3.164906  3.116278  3.173994  2.568542  2.928237 
 1.434502  2.054889  2.120121  2.223845  2.140972  1.920228  1.896632  2.210005 
 1.092188  1.533195  1.680568  2.035834  2.515924  1.758628  1.904237  2.138672 

real    0m0.205s
user    0m0.051s
sys     0m0.150s