[20je0020@gr02 Lab5Exercise1]$ make run clean
/usr/local/cuda/bin/nvcc -g -G -Xcompiler -Wall -dc lab5ex1main.cu -o lab5ex1main.o
/usr/local/cuda/bin/nvcc -g -G -Xcompiler -Wall -dc lab5ex1lib.cu -o lab5ex1lib.o
echo "making..."
making...
/usr/local/cuda/bin/nvcc lab5ex1main.o lab5ex1lib.o -o a.out
echo "running..."
running...
./a.out
Matrix A:
       1       2      -3       2
       3      -2      -2       4
      -4       0       4       4
      -4      -4      -2      -2
Matrix B:
      -4       0      -4       2
       3      -4      -3       3
       1       5      -3       1
       1      -2       3      -3
Matrix C:
      -3       2      -7       4
       6      -6      -5       7
      -3       5       1       5
      -3      -6       1      -5
Matrix D:
      30     -77       8     -53
     -60     -19     -10     -78
      21     -61       2       3
     -15      65      47     -24
echo "cleaning..."
cleaning...
rm -rf *.o a.out